4 0.5329 0.6800 0.5988 0.5946 0.6523 0.5030 0.6502 0.4938 0.6718 0.4701 0.6841 0.4351 0.6759 0.4259 0.6975 0.3683 0.7201 0.2634 0.7078 0.2541 0.7191 0.2088 0.7212 0.1615 0.7243 0.1327 0.7129 0.0967 0.6985 0.0916 0.6996 0.0638 0.6883 0.0339 0.6790 0.0360 0.6769 0.0113 0.6683 0.0000 0.3747 0.0000 0.3710 0.0356 0.3790 0.0686 0.3638 0.0606 0.3629 0.1291 0.3701 0.1576 0.3674 0.1647 0.3594 0.1728 0.3621 0.2315 0.3683 0.2574 0.3647 0.2672 0.3683 0.3170 0.3790 0.3607 0.3781 0.3794 0.3790 0.3954 0.4084 0.4479 0.4137 0.4542 0.4075 0.4631 0.4431 0.5308 0.4849 0.6047 0.4983 0.6474 0.5081 0.6697 
4 0.5197 0.6724 0.5321 0.7231 0.5295 0.7400 0.5295 0.7596 0.5455 0.7810 0.5517 0.8095 0.5473 0.8327 0.5455 0.8353 0.5250 0.8273 0.5134 0.8362 0.4930 0.8416 0.4805 0.8487 0.4671 0.8335 0.4404 0.8718 0.4208 0.9021 0.4057 0.8941 0.3879 0.9199 0.3816 0.9119 0.3647 0.9377 0.3532 0.9520 0.3362 0.9449 0.3282 0.9440 0.3157 0.9591 0.3042 0.9689 0.2846 0.9778 0.2730 0.9680 0.2677 0.9502 0.2561 0.9609 0.2472 0.9636 0.2098 0.9618 0.2009 0.9288 0.1902 0.9306 0.1733 0.9315 0.1474 0.9208 0.1501 0.8879 0.1323 0.8861 0.1136 0.8807 0.0967 0.8683 0.1038 0.8416 0.0869 0.8255 0.0842 0.8113 0.0824 0.7890 0.0682 0.7748 0.0673 0.7463 0.0735 0.7151 0.0619 0.6991 0.0709 0.6706 0.0771 0.6545 0.0824 0.6234 0.1020 0.6073 0.1029 0.5797 0.1207 0.5673 0.1394 0.5699 0.1359 0.5299 0.1501 0.5290 0.1599 0.5156 0.1670 0.5138 0.1697 0.4907 0.1839 0.4862 0.1884 0.4711 0.2000 0.4586 0.2178 0.4577 0.2240 0.4283 0.2329 0.4186 0.2516 0.4150 0.2677 0.4248 0.2730 0.3936 0.2988 0.3909 0.3157 0.4105 0.3175 0.3883 0.3425 0.3909 0.3629 0.4070 0.3736 0.4257 0.3808 0.4061 0.4021 0.4310 0.4119 0.4551 0.4075 0.4631 0.4475 0.5379 0.4858 0.6029 0.4965 0.6260 0.5072 0.6519 
4 0.5357 0.6804 0.6105 0.5735 0.6488 0.5156 0.6550 0.5254 0.6720 0.4969 0.6818 0.4925 0.7022 0.4738 0.7085 0.4720 0.7298 0.4577 0.7432 0.4542 0.7477 0.4666 0.7583 0.4479 0.7726 0.4462 0.7753 0.4586 0.7779 0.4649 0.7984 0.4666 0.8082 0.4675 0.8082 0.4862 0.8251 0.4862 0.8385 0.4960 0.8340 0.5121 0.8536 0.5210 0.8625 0.5254 0.8706 0.5441 0.8643 0.5628 0.8795 0.5646 0.8893 0.5842 0.8901 0.6020 0.9026 0.6154 0.9142 0.6243 0.9142 0.6341 0.9115 0.6465 0.9258 0.6519 0.9329 0.6626 0.9267 0.6759 0.9365 0.6893 0.9418 0.7062 0.9373 0.7320 0.9302 0.7356 0.9302 0.7498 0.9231 0.7596 0.9115 0.7578 0.9142 0.7783 0.9142 0.7890 0.9017 0.7952 0.8928 0.8068 0.8901 0.8184 0.8812 0.8220 0.8795 0.8335 0.8714 0.8407 0.8581 0.8487 0.8385 0.8540 0.8367 0.8701 0.8429 0.8825 0.8287 0.8834 0.8207 0.8852 0.8153 0.8852 0.8136 0.9003 0.7993 0.9057 0.7833 0.9030 0.7699 0.8941 0.7735 0.9208 0.7628 0.9244 0.7414 0.9190 0.7316 0.9146 0.7281 0.9190 0.7174 0.9146 0.7014 0.8950 0.7085 0.9244 0.7058 0.9377 0.6996 0.9547 0.6746 0.9440 0.6604 0.9270 0.6497 0.9021 0.6399 0.9164 0.6301 0.9173 0.6301 0.9030 0.6194 0.8941 0.6096 0.8790 0.6016 0.8522 0.5865 0.8211 0.5758 0.7890 0.5669 0.7837 0.5473 0.7819 0.5348 0.7641 0.5277 0.7534 0.5295 0.7124 
4 0.7290 0.9291 0.7160 0.9811 0.7136 0.9976 0.8926 0.9976 0.8932 0.9705 0.8873 0.9622 0.8802 0.9256 0.8684 0.9126 0.8625 0.9008 0.8471 0.8842 0.8188 0.8842 0.8152 0.8960 0.8093 0.9031 0.7916 0.9067 0.7715 0.8913 0.7739 0.9232 0.7597 0.9232 0.7325 0.9149 
4 0.9200 0.9421 0.9234 0.9619 0.9165 0.9976 0.8950 0.9976 0.8935 0.9719 0.8847 0.9597 0.8814 0.9288 0.8736 0.9177 0.8615 0.9023 0.8438 0.8813 0.8350 0.8724 0.8383 0.8559 0.8460 0.8503 0.8604 0.8470 0.8880 0.8150 0.9024 0.8194 0.9057 0.8426 0.8968 0.8548 0.9123 0.8647 0.9134 0.8835 0.9123 0.8990 0.9101 0.9122 0.9167 0.9299 
4 0.7890 0.1525 0.7930 0.1634 0.8093 0.1625 0.8110 0.1839 0.8298 0.1651 0.8358 0.1788 0.8529 0.1694 0.8675 0.1779 0.8640 0.1985 0.8752 0.1950 0.8829 0.2044 0.8923 0.2198 0.9034 0.2327 0.9102 0.2472 0.9068 0.2583 0.9008 0.2677 0.9154 0.2772 0.9214 0.2908 0.9231 0.3080 0.9162 0.3199 0.9205 0.3353 0.9214 0.3636 0.9402 0.3576 0.9590 0.3499 0.9641 0.3430 0.9650 0.3225 0.9607 0.2994 0.9676 0.2908 0.9650 0.2823 0.9547 0.2703 0.9616 0.2600 0.9616 0.2447 0.9496 0.2344 0.9487 0.2104 0.9445 0.1985 0.9325 0.1882 0.9308 0.1497 0.9025 0.1386 0.8846 0.1223 0.8623 0.1215 0.8444 0.1275 0.8221 0.1394 0.8033 0.1454 
4 0.7860 0.4631 0.7940 0.4515 0.8002 0.4328 0.8064 0.4150 0.8198 0.4025 0.8483 0.3990 0.8652 0.4043 0.8866 0.4248 0.8910 0.4328 0.9035 0.4239 0.9311 0.4283 0.9418 0.4399 0.9526 0.4298 0.9754 0.4605 0.9976 0.4678 0.9976 0.6205 0.9942 0.6338 0.9387 0.6843 0.9288 0.6843 0.9249 0.6714 0.9358 0.6576 0.9288 0.6526 0.9090 0.6477 0.9179 0.6308 0.9130 0.6209 0.9021 0.6130 0.8882 0.6051 0.8882 0.5813 0.8793 0.5694 0.8763 0.5625 0.8625 0.5625 0.8704 0.5437 0.8674 0.5328 0.8625 0.5268 0.8516 0.5209 0.8357 0.5130 0.8427 0.5021 0.8397 0.4922 0.8328 0.4872 0.8219 0.4862 0.8080 0.4872 0.8090 0.4694 0.8040 0.4635 
4 0.3600 0.0808 0.3245 0.1248 0.3000 0.1616 0.2915 0.1922 0.2780 0.1665 0.2486 0.1346 0.2303 0.1053 0.2303 0.0685 0.2266 0.0282 0.2339 0.0000 0.3652 0.0000 0.3747 0.0208 0.3686 0.0404 0.3820 0.0673 0.3625 0.0587 
4 0.7766 0.1401 0.7892 0.1057 0.7858 0.0632 0.7789 0.0425 0.7697 0.0035 0.7685 0.0000 0.9976 0.0000 0.9976 0.1456 0.9774 0.1527 0.9579 0.1527 0.9303 0.1516 0.9062 0.1378 0.8856 0.1206 0.8707 0.1194 0.8374 0.1263 0.8225 0.1378 0.7972 0.1538 
4 0.7789 0.1481 0.7858 0.1125 0.7892 0.0850 0.7835 0.0517 0.7685 0.0000 0.7088 0.0000 0.7020 0.0345 0.6917 0.0517 0.7008 0.0930 0.7089 0.0976 0.7295 0.1366 0.7295 0.1596 0.7662 0.1458 
