4 0.3745 0.1018 0.3694 0.1152 0.3570 0.1378 0.3344 0.1615 0.3025 0.2140 0.2809 0.1821 0.2449 0.1265 0.2418 0.0782 0.2562 0.0309 0.2706 0.0062 0.2697 0.0000 0.3437 0.0000 0.3758 0.0575 0.3806 0.0765 
4 0.5143 0.6850 0.4523 0.5740 0.3986 0.4833 0.4021 0.4642 0.3807 0.4379 0.3735 0.4141 0.3795 0.3950 0.3628 0.3496 0.3592 0.3126 0.3687 0.3019 0.3592 0.2446 0.3556 0.2220 0.3759 0.2160 0.3628 0.1659 0.3663 0.1253 0.3842 0.1241 0.3723 0.1026 0.3807 0.0609 0.3914 0.0501 0.3938 0.0000 0.6205 0.0000 0.6265 0.0239 0.6229 0.0418 0.6420 0.0310 0.6492 0.0525 0.6468 0.0716 0.6599 0.0716 0.6659 0.0907 0.6575 0.1026 0.6730 0.1038 0.6790 0.1277 0.6790 0.1551 0.6909 0.1587 0.6933 0.1814 0.6885 0.2184 0.6981 0.2315 0.6969 0.2422 0.6921 0.2864 0.6802 0.3055 0.6885 0.3138 0.6826 0.3544 0.6706 0.3998 0.6563 0.4439 0.6420 0.4654 0.6504 0.4809 0.6229 0.5370 0.5811 0.5931 0.5621 0.6277 0.5274 0.6683 
4 0.5143 0.6909 0.5155 0.7518 0.5286 0.7757 0.5477 0.7816 0.5597 0.8079 0.5621 0.8341 0.5859 0.8723 0.6038 0.8998 0.6158 0.8854 0.6432 0.9212 0.6659 0.9308 0.6683 0.9069 0.6659 0.8854 0.6838 0.9033 0.6921 0.8986 0.7160 0.9093 0.7255 0.9081 0.7291 0.8819 0.7470 0.8926 0.7697 0.8974 0.7697 0.8747 0.7864 0.8759 0.7959 0.8699 0.7959 0.8520 0.8353 0.8377 0.8317 0.8246 0.8508 0.8162 0.8508 0.8055 0.8699 0.7971 0.8723 0.7745 0.8652 0.7613 0.8890 0.7613 0.8878 0.7518 0.8878 0.7363 0.8962 0.7220 0.8950 0.7041 0.8914 0.6766 0.8795 0.6599 0.8723 0.6432 0.8592 0.6301 0.8532 0.6026 0.8484 0.5859 0.8317 0.5800 0.8305 0.5609 0.8258 0.5442 0.8019 0.5394 0.8055 0.5143 0.7936 0.5119 0.7840 0.5119 0.7757 0.4988 0.7685 0.4928 0.7446 0.4928 0.7434 0.4737 0.7184 0.4737 0.7148 0.4821 0.6909 0.4797 0.6814 0.4893 0.6730 0.4928 0.6444 0.5036 0.6193 0.5370 0.5823 0.5847 0.5656 0.6241 0.5382 0.6563 
4 0.5143 0.6874 0.5155 0.7339 0.5167 0.7458 0.5274 0.7745 0.5310 0.7947 0.5191 0.8162 0.5107 0.8198 0.4964 0.8091 0.4833 0.8222 0.4666 0.8246 0.4487 0.8174 0.4212 0.8461 0.3986 0.8723 0.3771 0.8735 0.3616 0.8962 0.3353 0.9105 0.3270 0.9045 0.3103 0.9165 0.2840 0.9320 0.2804 0.9189 0.2757 0.9081 0.2673 0.9105 0.2470 0.9177 0.2291 0.9177 0.2136 0.9141 0.2172 0.8842 0.1945 0.8878 0.1647 0.8807 0.1671 0.8413 0.1432 0.8449 0.1301 0.8389 0.1325 0.8186 0.1265 0.8091 0.1158 0.8007 0.1098 0.7780 0.1146 0.7625 0.1014 0.7506 0.0967 0.7184 0.0990 0.6957 0.0931 0.6790 0.1062 0.6384 0.1122 0.6158 0.1253 0.6074 0.1289 0.5811 0.1492 0.5680 0.1635 0.5716 0.1635 0.5453 0.1766 0.5322 0.1897 0.5191 0.1885 0.5012 0.1993 0.4988 0.2029 0.4952 0.2148 0.4678 0.2375 0.4702 0.2422 0.4463 0.2518 0.4356 0.2721 0.4403 0.2804 0.4224 0.2959 0.4165 0.3186 0.4284 0.3222 0.4165 0.3592 0.4177 0.3735 0.4057 0.3795 0.4320 0.4057 0.4606 0.3986 0.4773 0.4439 0.5573 0.4988 0.6539 
4 0.9057 0.7088 0.9726 0.6348 0.9797 0.6169 0.9809 0.5716 0.9558 0.5346 0.9379 0.5680 0.9344 0.5155 0.9117 0.4618 0.8902 0.4344 0.8747 0.4308 0.8484 0.4368 0.8210 0.4165 0.7983 0.4296 0.7876 0.4439 0.7757 0.4678 0.7697 0.4869 0.7796 0.5089 0.8022 0.5148 0.8042 0.5404 0.8239 0.5454 0.8289 0.5582 0.8259 0.5789 0.8447 0.5829 0.8525 0.5917 0.8545 0.6174 0.8663 0.6401 0.8890 0.6775 
4 0.7988 0.8705 0.8127 0.8908 0.8238 0.8918 0.8405 0.8936 0.8534 0.9130 0.8553 0.9371 0.8590 0.9648 0.8701 0.9732 0.8687 0.9976 0.7064 0.9976 0.7061 0.9655 0.7125 0.9119 0.7285 0.9034 0.7314 0.8832 0.7526 0.8947 0.7671 0.8976 0.7681 0.8822 0.7816 0.8754 
4 0.8638 0.8088 0.8783 0.8300 0.8763 0.8464 0.8802 0.8561 0.8908 0.8851 0.8889 0.8957 0.8821 0.9083 0.8898 0.9353 0.8894 0.9599 0.8854 0.9976 0.8735 0.9976 0.8678 0.9707 0.8594 0.9647 0.8534 0.9119 0.8402 0.8951 0.8210 0.8951 0.8102 0.8891 0.7982 0.8699 0.7970 0.8519 0.8090 0.8447 0.8354 0.8399 0.8342 0.8243 0.8510 0.8160 
4 0.9148 0.2017 0.9254 0.2220 0.9239 0.2538 0.9216 0.2681 0.9284 0.2810 0.9307 0.2923 0.9292 0.3081 0.9382 0.3157 0.9405 0.3240 0.9307 0.3406 0.9367 0.3867 0.9201 0.3837 0.9043 0.3905 0.8808 0.3912 0.8793 0.3625 0.8876 0.3550 0.8854 0.3444 0.8801 0.3225 0.8688 0.3119 0.8695 0.2946 0.8673 0.2832 0.8544 0.2749 0.8363 0.2681 0.8242 0.2470 0.8129 0.2372 0.8053 0.2304 0.7880 0.2266 0.7827 0.2236 0.7645 0.2130 0.7426 0.2054 0.7449 0.1986 0.7713 0.1956 0.8250 0.1646 0.8340 0.1616 0.8476 0.1609 0.8620 0.1722 0.8907 0.1911 
4 0.7660 0.1898 0.8014 0.1784 0.8421 0.1565 0.8681 0.1742 0.9067 0.1950 0.9307 0.2002 0.9609 0.2013 0.9976 0.1838 0.9976 0.0000 0.7375 0.0000 0.7566 0.0470 0.7691 0.0981 0.7733 0.1262 0.7733 0.1460 0.7556 0.1846 
4 0.7681 0.1992 0.7566 0.1992 0.7389 0.1940 0.7274 0.1992 0.7087 0.2107 0.6951 0.2086 0.6962 0.1700 0.6899 0.1513 0.6837 0.1335 0.6774 0.1002 0.6941 0.0689 0.6930 0.0324 0.7045 0.0001 0.7041 0.0000 0.7358 0.0022 0.7608 0.0543 0.7702 0.1023 0.7733 0.1335 0.7712 0.1554 0.7608 0.1815 
