4 0.4959 0.6892 0.5525 0.6049 0.5988 0.5267 0.6358 0.4557 0.6584 0.4166 0.6481 0.4074 0.6759 0.3621 0.6800 0.3395 0.6667 0.3230 0.6883 0.2911 0.6996 0.2407 0.6883 0.2243 0.7006 0.1944 0.7078 0.1409 0.6944 0.1378 0.6996 0.1008 0.6985 0.0638 0.6841 0.0566 0.6852 0.0350 0.6802 0.0000 0.3341 0.0000 0.3245 0.0466 0.3232 0.0759 0.3283 0.1130 0.3130 0.1257 0.3207 0.2074 0.3207 0.2189 0.3130 0.2355 0.3309 0.3133 0.3386 0.3274 0.3322 0.3389 0.3309 0.3605 0.3705 0.4193 0.3628 0.4282 0.3985 0.4933 0.4585 0.6005 0.4700 0.6311 0.4879 0.6720 
4 0.4904 0.6937 0.4981 0.7319 0.4981 0.7498 0.5109 0.7664 0.5160 0.7894 0.5211 0.8111 0.5070 0.8060 0.4904 0.8315 0.4789 0.8430 0.4636 0.8251 0.4445 0.8443 0.4394 0.8519 0.4292 0.8557 0.4024 0.8506 0.3922 0.8570 0.3641 0.8902 0.3539 0.9234 0.3360 0.9132 0.3220 0.9361 0.3156 0.9221 0.3041 0.9502 0.2926 0.9591 0.2760 0.9655 0.2684 0.9489 0.2479 0.9757 0.2186 0.9949 0.2033 0.9795 0.2020 0.9502 0.1867 0.9693 0.1752 0.9770 0.1561 0.9770 0.1344 0.9719 0.1369 0.9374 0.1063 0.9464 0.0718 0.9310 0.0833 0.9042 0.0578 0.8889 0.0488 0.8787 0.0565 0.8404 0.0335 0.8366 0.0335 0.8213 0.0348 0.8034 0.0182 0.7830 0.0208 0.7345 0.0233 0.7154 0.0169 0.7013 0.0246 0.6745 0.0297 0.6503 0.0399 0.6349 0.0552 0.6209 0.0565 0.6005 0.0642 0.5750 0.0935 0.5775 0.0871 0.5507 0.0935 0.5354 0.1076 0.5150 0.1139 0.4958 0.1229 0.4843 0.1318 0.4690 0.1446 0.4524 0.1624 0.4499 0.1688 0.4231 0.1777 0.4167 0.1854 0.4116 0.2084 0.4142 0.2122 0.3822 0.2454 0.3797 0.2594 0.4052 0.2556 0.3720 0.2786 0.3759 0.2977 0.3784 0.3169 0.4065 0.3258 0.3912 0.3411 0.3912 0.3449 0.3848 0.3666 0.4103 0.3641 0.4218 0.3717 0.4371 0.4368 0.5635 0.4675 0.6260 0.4841 0.6707 
4 0.3240 0.0766 0.3108 0.1004 0.2994 0.1013 0.2941 0.1259 0.2835 0.1207 0.2677 0.1709 0.2598 0.1559 0.2580 0.1400 0.2351 0.1347 0.2272 0.1171 0.2131 0.0951 0.2122 0.0643 0.2113 0.0370 0.2122 0.0185 0.2148 0.0000 0.3341 0.0000 0.3261 0.0456 
4 0.7684 0.1420 0.7979 0.1255 0.8133 0.1288 0.8275 0.1190 0.8461 0.1069 0.8713 0.1102 0.8877 0.1266 0.8965 0.1354 0.9545 0.1496 0.9567 0.1409 0.9819 0.1496 0.9950 0.1398 0.9976 0.1384 0.9976 0.0000 0.7637 0.0000 0.7750 0.0395 0.7763 0.0750 0.7750 0.0941 0.7709 0.1105 0.7709 0.1146 0.7722 0.1241 0.7722 0.1391 
4 0.4991 0.7025 0.5144 0.6685 0.5549 0.6007 0.5757 0.5766 0.6031 0.5415 0.6239 0.4901 0.6348 0.5054 0.6523 0.4857 0.6731 0.4748 0.6907 0.4529 0.6994 0.4671 0.7104 0.4518 0.7377 0.4452 0.7607 0.4408 0.7684 0.4605 0.7739 0.4638 0.7903 0.4616 0.8001 0.4649 0.8034 0.4857 0.8253 0.4879 0.8286 0.5054 0.8341 0.5142 0.8560 0.5284 0.8593 0.5405 0.8636 0.5623 0.8801 0.5755 0.8822 0.5908 0.8822 0.6094 0.8888 0.6182 0.8987 0.6269 0.9052 0.6390 0.9085 0.6532 0.9184 0.6674 0.9271 0.6707 0.9260 0.6828 0.9249 0.6948 0.9315 0.7025 0.9282 0.7189 0.9326 0.7299 0.9326 0.7452 0.9249 0.7550 0.9228 0.7660 0.9206 0.7725 0.9041 0.7813 0.9052 0.8141 0.8811 0.8229 0.8801 0.8437 0.8669 0.8437 0.8593 0.8678 0.8439 0.8744 0.8220 0.8798 0.8187 0.9050 0.8078 0.9116 0.7914 0.9083 0.7870 0.9280 0.7673 0.9291 0.7454 0.9192 0.7443 0.9379 0.7421 0.9477 0.7312 0.9422 0.7147 0.9422 0.7049 0.9291 0.6994 0.9422 0.6797 0.9236 0.6731 0.9138 0.6764 0.9433 0.6666 0.9663 0.6501 0.9609 0.6250 0.9422 0.6118 0.9149 0.6020 0.9280 0.5856 0.9061 0.5768 0.8875 0.5626 0.8558 0.5516 0.8514 0.5505 0.8196 0.5451 0.7944 0.5286 0.7802 0.5133 0.7715 0.5056 0.7605 0.5024 0.7419 
4 0.8212 0.8983 0.8363 0.9096 0.8419 0.9202 0.8519 0.9114 0.8613 0.9271 0.8657 0.9409 0.8776 0.9578 0.8795 0.9904 0.8783 0.9976 0.6945 0.9976 0.7041 0.9702 0.7093 0.9390 0.7205 0.9435 0.7316 0.9428 0.7443 0.9517 0.7435 0.9197 0.7673 0.9279 0.7874 0.9286 0.7904 0.9093 0.8067 0.9123 
4 0.8885 0.8268 0.8930 0.8446 0.8952 0.8639 0.8989 0.8751 0.9101 0.8929 0.9108 0.9078 0.8997 0.9212 0.9101 0.9376 0.9131 0.9517 0.9153 0.9613 0.9279 0.9606 0.9257 0.9755 0.9235 0.9896 0.9212 0.9976 0.8783 0.9976 0.8788 0.9570 0.8647 0.9403 0.8615 0.9291 0.8503 0.9108 0.8431 0.9203 0.8360 0.9108 0.8248 0.9020 0.8208 0.8972 0.8232 0.8812 0.8471 0.8756 0.8591 0.8661 0.8647 0.8501 0.8655 0.8453 0.8791 0.8453 
4 0.9314 0.6923 0.9976 0.6229 0.9976 0.5155 0.9679 0.4793 0.9551 0.4438 0.9472 0.4635 0.9433 0.4448 0.9383 0.4389 0.9255 0.4241 0.9186 0.4201 0.8979 0.4389 0.8802 0.4428 0.8742 0.4182 0.8634 0.4043 0.8516 0.4024 0.8387 0.3965 0.8230 0.3974 0.8072 0.4024 0.7875 0.4241 0.7865 0.4566 0.8032 0.4625 0.8003 0.4734 0.8161 0.4862 0.8239 0.4852 0.8299 0.5128 0.8437 0.5197 0.8594 0.5365 0.8673 0.5572 0.8802 0.5799 0.8861 0.5937 0.8851 0.6134 0.9038 0.6322 0.9107 0.6430 0.9147 0.6617 0.9226 0.6696 0.9245 0.6844 
4 0.7727 0.2929 0.7776 0.3284 0.7667 0.3284 0.7746 0.3550 0.7796 0.3807 0.7658 0.3817 0.7736 0.4093 0.7707 0.4418 0.7628 0.4418 0.7095 0.4507 0.6997 0.4685 0.6898 0.4537 0.6750 0.4734 0.6602 0.4842 0.6484 0.4892 0.6592 0.4714 0.6583 0.4477 0.6523 0.4260 0.6592 0.4172 0.6474 0.4103 0.6691 0.3757 0.6780 0.3639 0.6809 0.3422 0.6721 0.3284 0.6760 0.3097 0.6878 0.2919 0.7007 0.2850 0.7184 0.2811 0.7411 0.2830 0.7589 0.2850 
4 0.7736 0.1391 0.7717 0.1499 0.7963 0.1519 0.8013 0.1617 0.8131 0.1588 0.8210 0.1608 0.8220 0.1696 0.8318 0.1617 0.8456 0.1608 0.8565 0.1716 0.8516 0.1864 0.8713 0.1824 0.8802 0.1923 0.8841 0.2081 0.8890 0.2160 0.8999 0.2268 0.9009 0.2426 0.9009 0.2544 0.8910 0.2594 0.9088 0.2732 0.9117 0.2821 0.9166 0.2939 0.9147 0.3038 0.9088 0.3205 0.9078 0.3353 0.9127 0.3738 0.9285 0.3580 0.9314 0.3481 0.9482 0.3501 0.9630 0.3402 0.9591 0.3146 0.9512 0.2978 0.9620 0.2899 0.9571 0.2742 0.9472 0.2623 0.9531 0.2525 0.9492 0.2337 0.9413 0.2239 0.9433 0.2091 0.9423 0.1982 0.9275 0.1874 0.9255 0.1716 0.9176 0.1499 0.9038 0.1341 0.8831 0.1193 0.8723 0.1085 0.8555 0.1055 0.8417 0.1065 0.8269 0.1164 0.8101 0.1292 0.7993 0.1262 0.7914 0.1292 
4 0.7808 0.1389 0.7685 0.1378 0.7407 0.1399 0.7294 0.1481 0.7129 0.1492 0.6965 0.1389 0.6996 0.0658 0.6831 0.0556 0.6802 0.0000 0.7613 0.0000 0.7776 0.0530 0.7763 0.0964 0.7712 0.1130 0.7725 0.1283 
