6 0.1122 0.1008 0.1369 0.0844 0.1543 0.0761 0.1698 0.0720 0.1790 0.0463 0.1981 0.0000 0.0286 0.0000 0.0235 0.0117 0.0157 0.0137 0.0206 0.0284 0.0128 0.0313 0.0157 0.0430 0.0069 0.0509 0.0098 0.0587 0.0079 0.0646 0.0176 0.0763 0.0167 0.0880 0.0294 0.0919 0.0392 0.0919 0.0499 0.1056 0.0646 0.1154 0.0754 0.1193 0.0900 0.1105 
6 0.4739 0.7778 0.4597 0.8040 0.4532 0.8236 0.4379 0.8377 0.4357 0.8628 0.4270 0.8726 0.4259 0.8879 0.4205 0.9206 0.4117 0.9173 0.4074 0.9402 0.3987 0.9369 0.3899 0.9369 0.3649 0.9587 0.3540 0.9783 0.3322 0.9903 0.3322 0.9838 0.3174 0.9976 0.3082 0.9838 0.2984 0.9870 0.2853 0.9849 0.2821 0.9674 0.2733 0.9565 0.2766 0.9380 0.2614 0.9369 0.2635 0.9129 0.2635 0.9053 0.2690 0.8879 0.2581 0.8770 0.2766 0.8497 0.2886 0.8388 0.2788 0.8203 0.2951 0.8029 0.2973 0.7920 0.3148 0.7876 0.3126 0.7745 0.3289 0.7582 0.3387 0.7582 0.3355 0.7364 0.3376 0.7320 0.3529 0.7309 0.3725 0.7364 0.3736 0.7211 0.3856 0.7233 0.4237 0.7342 0.4401 0.7440 0.4510 0.7527 0.4619 0.7625 
6 0.7332 0.9489 0.7398 0.9326 0.7463 0.9129 0.7583 0.8988 0.7627 0.8846 0.7550 0.8672 0.7474 0.8574 0.7332 0.8454 0.7245 0.8258 0.7114 0.8018 0.6994 0.7778 0.6744 0.7702 0.6733 0.7822 0.6591 0.7800 0.6580 0.7985 0.6460 0.8149 0.6417 0.8410 0.6177 0.8835 0.6035 0.9097 0.5894 0.9336 0.5850 0.9456 0.5807 0.9554 0.5807 0.9696 0.5937 0.9860 0.5943 0.9976 0.7088 0.9976 0.7208 0.9849 0.7300 0.9619 
6 0.7461 0.9400 0.7772 0.9134 0.8199 0.8754 0.8291 0.8777 0.8395 0.8927 0.8418 0.9088 0.8487 0.9284 0.8499 0.9457 0.8718 0.9596 0.8810 0.9768 0.8878 0.9976 0.7184 0.9976 0.7311 0.9584 
6 0.4758 0.7676 0.5003 0.7580 0.5196 0.7510 0.5475 0.7518 0.5694 0.7431 0.5912 0.7440 0.6044 0.7448 0.6044 0.7562 0.6245 0.7632 0.6236 0.7842 0.6297 0.7912 0.6166 0.8183 0.6236 0.8349 0.6157 0.8454 0.6044 0.8541 0.6096 0.8646 0.5965 0.8742 0.5843 0.8760 0.5895 0.8847 0.5738 0.8900 0.5641 0.8891 0.5641 0.8961 0.5423 0.8926 0.5327 0.8873 0.5266 0.9039 0.5143 0.8935 0.5038 0.8856 0.5030 0.8917 0.4881 0.8830 0.4680 0.8699 0.4601 0.8611 0.4531 0.8331 0.4627 0.8060 0.4750 0.7789 
6 0.4188 0.5444 0.4260 0.5707 0.4372 0.5924 0.4379 0.6082 0.4333 0.6259 0.4274 0.6351 0.4182 0.6397 0.4149 0.6640 0.4050 0.6660 0.3978 0.6903 0.3886 0.6910 0.3859 0.7015 0.3715 0.7193 0.3669 0.7134 0.3603 0.7259 0.3504 0.7291 0.3439 0.7193 0.3287 0.7226 0.3255 0.7088 0.3215 0.7081 0.3228 0.6982 0.3116 0.6969 0.3090 0.6884 0.3116 0.6621 0.2998 0.6634 0.2998 0.6450 0.3031 0.6292 0.2886 0.6318 0.2913 0.6180 0.3044 0.5970 0.2965 0.5858 0.2965 0.5733 0.3064 0.5661 0.2965 0.5543 0.3011 0.5424 0.3189 0.5378 0.3084 0.5260 0.3208 0.5220 0.3373 0.5220 0.3301 0.5095 0.3504 0.5069 0.3517 0.4977 0.3669 0.4984 0.3767 0.5063 0.3859 0.5122 0.3853 0.5181 0.4017 0.5332 
6 0.3294 0.3912 0.3320 0.3774 0.3301 0.3583 0.3439 0.3103 0.3590 0.2709 0.3702 0.2577 0.3794 0.2512 0.3892 0.2314 0.3807 0.2295 0.3807 0.2176 0.3800 0.1966 0.3636 0.1900 0.3537 0.1900 0.3498 0.1815 0.3432 0.1788 0.3287 0.1894 0.3215 0.1861 0.3136 0.1926 0.3084 0.2025 0.3044 0.1979 0.2972 0.2018 0.2932 0.2143 0.2834 0.2124 0.2801 0.2288 0.2715 0.2281 0.2715 0.2446 0.2663 0.2531 0.2650 0.2768 0.2669 0.2939 0.2669 0.3064 0.2715 0.3248 0.2781 0.3399 0.3103 0.3748 0.3215 0.3899 
6 0.4247 0.5490 0.4333 0.5339 0.4484 0.5214 0.4609 0.5049 0.4701 0.4944 0.4826 0.4931 0.5003 0.4911 0.5234 0.4951 0.5234 0.5036 0.5496 0.5095 0.5477 0.5174 0.5615 0.5240 0.5595 0.5352 0.5635 0.5444 0.5667 0.5575 0.5733 0.5635 0.5694 0.5759 0.5707 0.5852 0.5733 0.5963 0.5661 0.6088 0.5661 0.6207 0.5503 0.6272 0.5503 0.6364 0.5365 0.6378 0.5187 0.6378 0.5023 0.6364 0.4964 0.6430 0.4846 0.6456 0.4839 0.6627 0.4747 0.6687 0.4675 0.6700 0.4602 0.6739 0.4556 0.6719 0.4497 0.6581 0.4431 0.6640 0.4352 0.6581 0.4339 0.6470 0.4326 0.6424 0.4280 0.6397 0.4359 0.6193 0.4379 0.6042 0.4352 0.5871 0.4280 0.5753 0.4228 0.5674 
6 0.8555 0.4793 0.8596 0.4949 0.8636 0.5063 0.8643 0.5191 0.8643 0.5272 0.8636 0.5373 0.8623 0.5576 0.8535 0.5717 0.8454 0.5751 0.8468 0.5589 0.8414 0.5623 0.8400 0.5690 0.8340 0.5670 0.8299 0.5832 0.8299 0.5886 0.8245 0.5865 0.8090 0.6047 0.8016 0.5973 0.7989 0.6047 0.7915 0.6027 0.7861 0.5973 0.7814 0.5926 0.7659 0.5946 0.7679 0.5785 0.7672 0.5697 0.7571 0.5690 0.7524 0.5670 0.7416 0.5589 0.7241 0.5798 0.7146 0.5744 0.7012 0.5771 0.6958 0.5663 0.6857 0.5535 0.6661 0.5447 0.6674 0.5211 0.6654 0.5070 0.6607 0.4969 0.6688 0.4827 0.6863 0.4679 0.6809 0.4551 0.6816 0.4402 0.6991 0.4355 0.7012 0.4247 0.7146 0.4274 0.7214 0.4207 0.7221 0.4072 0.7281 0.3931 0.7484 0.3951 0.7524 0.3816 0.7652 0.3823 0.7767 0.3823 0.7861 0.3904 0.7969 0.4065 0.8111 0.4254 0.8245 0.4423 0.8407 0.4564 0.8529 0.4665 
6 0.8607 0.4743 0.8515 0.4256 0.8538 0.3945 0.8675 0.3724 0.8850 0.3626 0.8971 0.3572 0.9131 0.3504 0.9192 0.3428 0.9367 0.3428 0.9587 0.3116 0.9976 0.2768 0.9976 0.4606 0.9625 0.4606 0.9390 0.4659 0.9260 0.4750 0.9063 0.4842 0.8941 0.4910 0.8789 0.4918 
6 0.6247 0.5183 0.6096 0.5031 0.5913 0.4729 0.5686 0.4402 0.5718 0.4282 0.5567 0.4257 0.5409 0.4207 0.5302 0.4162 0.5246 0.4207 0.5094 0.4232 0.5082 0.4345 0.5000 0.4364 0.4931 0.4408 0.4937 0.4458 0.4817 0.4509 0.4792 0.4641 0.4698 0.4717 0.4673 0.4805 0.4723 0.4899 0.4912 0.4899 0.5044 0.4906 0.5233 0.4956 0.5246 0.5025 0.5479 0.5101 0.5504 0.5164 0.5567 0.5239 0.5598 0.5264 0.5588 0.5353 0.5645 0.5442 0.5677 0.5562 0.5682 0.5635 0.5776 0.5672 0.5860 0.5510 0.6032 0.5332 0.6157 0.5222 
