6 0.4517 0.8189 0.4671 0.8106 0.5144 0.8168 0.5473 0.8394 0.5679 0.8631 0.5823 0.8775 0.6029 0.8857 0.6193 0.8929 0.6337 0.9156 0.6399 0.9444 0.6183 0.9485 0.6183 0.9608 0.5998 0.9547 0.5833 0.9547 0.5761 0.9567 0.5545 0.9567 0.5483 0.9629 0.5329 0.9691 0.5257 0.9732 0.5041 0.9649 0.4835 0.9588 0.4712 0.9392 0.4599 0.9156 0.4578 0.8940 0.4547 0.8703 0.4527 0.8518 0.4475 0.8291 
6 0.4506 0.8189 0.4393 0.8034 0.4187 0.8024 0.3982 0.8096 0.3683 0.8374 0.3447 0.8497 0.3210 0.8610 0.3025 0.8713 0.2603 0.8878 0.2572 0.8970 0.2737 0.9248 0.2829 0.9547 0.2871 0.9649 0.3035 0.9701 0.3045 0.9814 0.3179 0.9773 0.3189 0.9865 0.3364 0.9835 0.3601 0.9876 0.3766 0.9876 0.3982 0.9711 0.4249 0.9053 0.4383 0.8806 0.4517 0.8693 
6 0.2384 0.8262 0.2521 0.8168 0.2593 0.7551 0.2644 0.7026 0.2613 0.6759 0.2655 0.6532 0.2562 0.6388 0.2428 0.6224 0.2284 0.6368 0.2192 0.6399 0.2089 0.6656 0.1996 0.6728 0.1976 0.6748 0.1914 0.6831 0.1780 0.7057 0.1729 0.7119 0.1502 0.7314 0.1358 0.7602 0.1441 0.8014 0.1523 0.8158 0.1718 0.8281 0.1868 0.8400 0.2017 0.8767 0.2247 0.8733 0.2453 0.8480 
6 0.1749 0.5411 0.1657 0.5555 0.1245 0.6368 0.1039 0.7088 0.0988 0.7479 0.0875 0.7829 0.0793 0.7942 0.0731 0.7942 0.0659 0.7859 0.0669 0.7664 0.0587 0.7602 0.0535 0.7479 0.0504 0.7294 0.0484 0.7078 0.0412 0.6903 0.0422 0.6687 0.0453 0.6574 0.0618 0.6502 0.0587 0.6399 0.0628 0.6111 0.0762 0.6028 0.0895 0.5884 0.0916 0.5699 0.0854 0.5617 0.0782 0.5535 0.0679 0.5411 0.0638 0.5257 0.0607 0.5051 0.0546 0.4845 0.0710 0.4753 0.0741 0.4732 0.0813 0.4835 0.0967 0.5010 0.1142 0.5123 0.1297 0.5236 0.1533 0.5329 
6 0.5772 0.5113 0.5998 0.4907 0.6337 0.4465 0.6564 0.4053 0.6811 0.3878 0.7006 0.3786 0.7016 0.3405 0.6913 0.3395 0.6872 0.3230 0.6677 0.3210 0.6481 0.3271 0.6337 0.3343 0.6090 0.3508 0.6008 0.3755 0.5854 0.3714 0.5761 0.3714 0.5648 0.3642 0.5483 0.3498 0.5401 0.3498 0.5278 0.3621 0.5237 0.3693 0.5195 0.4063 0.5144 0.4084 0.5144 0.4238 0.5206 0.4382 0.5257 0.4526 0.5309 0.4691 0.5432 0.4928 0.5504 0.5092 0.5566 0.5123 
6 0.6018 0.5020 0.6039 0.5082 0.6214 0.5102 0.6348 0.5102 0.6492 0.5185 0.6564 0.5267 0.6687 0.5329 0.6811 0.5318 0.6944 0.5236 0.7212 0.5226 0.7376 0.5144 0.7325 0.4958 0.7448 0.4907 0.7366 0.4701 0.7490 0.4619 0.7397 0.4485 0.7129 0.4351 0.7140 0.4290 0.6996 0.4135 0.6852 0.4074 0.6759 0.4002 0.6646 0.4012 0.6564 0.4063 0.6368 0.4300 0.6204 0.4568 0.6008 0.4794 0.5946 0.4876 
6 0.2480 0.8518 0.2531 0.8703 0.2572 0.8837 0.2655 0.8981 0.2716 0.9114 0.2809 0.9331 0.2840 0.9536 0.2932 0.9835 0.3007 0.9976 0.1885 0.9976 0.1753 0.9800 0.1822 0.9651 0.1948 0.9525 0.2006 0.9387 0.2075 0.9261 0.2097 0.9100 0.2097 0.8951 0.2212 0.8790 0.2293 0.8733 
6 0.0686 0.9157 0.0434 0.9100 0.0308 0.9031 0.0193 0.8882 0.0044 0.8721 0.0021 0.8698 0.0000 0.8544 0.0112 0.8343 0.0330 0.8274 0.0514 0.8228 0.1076 0.8308 0.1466 0.8366 0.1788 0.8377 0.1857 0.8469 0.2040 0.8779 0.2258 0.8744 0.2132 0.8928 0.2109 0.9100 0.2075 0.9284 0.1948 0.9444 0.1868 0.9559 0.1799 0.9731 0.1639 0.9731 0.1558 0.9628 0.1340 0.9593 0.1180 0.9444 0.1157 0.9364 0.1088 0.9249 0.0996 0.9169 
6 0.7757 0.8696 0.7895 0.8323 0.8069 0.7846 0.8234 0.7767 0.8303 0.7733 0.8460 0.7715 0.8512 0.7837 0.8564 0.7984 0.8590 0.8141 0.8607 0.8358 0.8598 0.8436 0.8538 0.8540 0.8355 0.8592 0.8234 0.8618 0.8095 0.8635 0.8008 0.8653 0.7965 0.8748 0.7913 0.8757 
6 0.8000 0.8774 0.8190 0.8896 0.8225 0.9043 0.8312 0.9121 0.8546 0.9295 0.8703 0.9364 0.8850 0.9390 0.8963 0.9364 0.9076 0.9260 0.9206 0.9234 0.9206 0.9087 0.9206 0.8852 0.9197 0.8696 0.9102 0.8592 0.8963 0.8531 0.8885 0.8505 0.8807 0.8488 0.8642 0.8505 0.8529 0.8557 0.8433 0.8566 0.8234 0.8618 0.8173 0.8618 0.8104 0.8627 0.8008 0.8670 
6 0.9406 0.8236 0.9501 0.8384 0.9614 0.8514 0.9709 0.8661 0.9813 0.8835 0.9976 0.8998 0.9976 0.9379 0.9909 0.9564 0.9709 0.9807 0.9570 0.9885 0.9466 0.9902 0.9345 0.9807 0.9379 0.9321 0.9371 0.9173 0.9232 0.8878 0.9171 0.8722 0.9102 0.8618 0.9093 0.8531 0.9119 0.8418 0.9232 0.8305 
6 0.3123 0.1167 0.2947 0.1173 0.2698 0.1287 0.2589 0.1375 0.2527 0.1432 0.2464 0.1437 0.2381 0.1396 0.2267 0.1411 0.2210 0.1468 0.2091 0.1494 0.1998 0.1411 0.1982 0.1328 0.1904 0.1250 0.1873 0.1204 0.1951 0.1053 0.2008 0.0975 0.2029 0.0866 0.2044 0.0773 0.2060 0.0695 0.2122 0.0617 0.2184 0.0560 0.2278 0.0524 0.2340 0.0436 0.2366 0.0394 0.2470 0.0389 0.2516 0.0436 0.2527 0.0322 0.2625 0.0368 0.2703 0.0368 0.2760 0.0400 0.2843 0.0555 0.2921 0.0680 0.3046 0.0820 0.3103 0.1017 
6 0.4633 0.1022 0.4670 0.0903 0.4701 0.0789 0.4716 0.0690 0.4753 0.0591 0.4830 0.0545 0.4939 0.0617 0.5069 0.0664 0.5194 0.0695 0.5339 0.0778 0.5396 0.0835 0.5484 0.1032 0.5505 0.1157 0.5505 0.1297 0.5494 0.1442 0.5458 0.1624 0.5500 0.1681 0.5469 0.1717 0.5417 0.1743 0.5360 0.1800 0.5292 0.1806 0.5214 0.1800 0.5085 0.1806 0.5007 0.1878 0.4976 0.1961 0.4929 0.2029 0.4893 0.2065 0.4856 0.2086 0.4804 0.2096 0.4695 0.2112 0.4649 0.2122 0.4571 0.2013 0.4498 0.2049 0.4467 0.2018 0.4420 0.1935 0.4389 0.1863 0.4296 0.1717 0.4280 0.1598 0.4156 0.1572 0.4156 0.1411 0.4104 0.1339 0.4114 0.1209 0.4171 0.1152 0.4353 0.1141 0.4446 0.1141 0.4571 0.1131 
6 0.8609 0.5704 0.8717 0.5508 0.8785 0.5387 0.8940 0.5164 0.8933 0.5036 0.8852 0.4793 0.8818 0.4793 0.8623 0.4652 0.8569 0.4672 0.8421 0.4611 0.8353 0.4625 0.8259 0.4645 0.8104 0.4578 0.8117 0.4665 0.8104 0.4706 0.8151 0.4814 0.8164 0.4928 0.8036 0.4935 0.8050 0.5070 0.7928 0.5083 0.7928 0.5137 0.7895 0.5225 0.7794 0.5211 0.7659 0.5063 0.7605 0.5036 0.7578 0.5097 0.7578 0.5164 0.7436 0.5272 0.7382 0.5319 0.7376 0.5441 0.7355 0.5542 0.7335 0.5650 0.7470 0.5717 0.7585 0.5805 0.7699 0.5865 0.7834 0.5913 0.8090 0.5892 0.8232 0.5805 0.8333 0.5744 0.8461 0.5744 
6 0.7457 0.4922 0.7564 0.5036 0.7605 0.5036 0.7780 0.5191 0.7861 0.5225 0.7928 0.5191 0.7969 0.5104 0.8050 0.5077 0.8131 0.5023 0.8158 0.4922 0.8158 0.4800 0.8137 0.4672 0.8111 0.4571 0.8036 0.4483 0.7915 0.4402 0.7868 0.4295 0.7800 0.4254 0.7699 0.4241 0.7544 0.4220 0.7403 0.4220 0.7248 0.4241 0.7086 0.4295 0.7086 0.4375 0.7355 0.4504 0.7463 0.4578 0.7497 0.4652 0.7403 0.4706 
