6 0.2315 0.2824 0.2181 0.2987 0.2089 0.2994 0.1927 0.2966 0.1729 0.2952 0.1538 0.2980 0.1567 0.2704 0.1538 0.2577 0.1743 0.2330 0.1877 0.2104 0.1891 0.1914 0.2075 0.1808 0.2089 0.1575 0.2336 0.1553 0.2590 0.1568 0.2936 0.1681 0.3198 0.1758 0.3297 0.1892 0.3388 0.2062 0.3494 0.2309 0.3530 0.2450 0.3304 0.2260 0.3092 0.2090 0.2873 0.2034 0.2795 0.2076 0.2767 0.2231 0.2654 0.2182 0.2477 0.2139 0.2294 0.2111 0.2372 0.2295 0.2393 0.2422 0.2188 0.2471 0.2174 0.2535 0.2301 0.2676 
6 0.4158 0.4286 0.3876 0.4201 0.3657 0.4025 0.3452 0.3792 0.3282 0.3608 0.3056 0.3382 0.2943 0.3248 0.2838 0.3107 0.2739 0.2980 0.2597 0.2874 0.2442 0.2782 0.2273 0.2620 0.2244 0.2528 0.2273 0.2443 0.2386 0.2408 0.2364 0.2154 0.2605 0.2168 0.2795 0.2224 0.2795 0.2076 0.2915 0.2048 0.3120 0.2132 0.3388 0.2351 0.3544 0.2443 0.3600 0.2415 0.3734 0.2563 0.3833 0.2584 0.3890 0.2577 0.4073 0.2676 0.4137 0.2754 0.4179 0.2655 0.4306 0.2690 0.4370 0.2937 0.5076 0.4314 0.5125 0.4434 0.4921 0.4427 0.4850 0.4554 0.4829 0.4689 0.4751 0.4540 0.4596 0.4286 0.4511 0.4102 0.4405 0.4032 0.4334 0.4088 0.4285 0.4251 0.4236 0.4300 
6 0.5563 0.4039 0.5690 0.4131 0.5761 0.4321 0.5824 0.4491 0.5838 0.4667 0.5718 0.5020 0.5577 0.5260 0.5408 0.5388 0.5189 0.5564 0.5076 0.5741 0.4984 0.5889 0.4878 0.5967 0.4808 0.6065 0.4688 0.6298 0.4490 0.6666 0.4370 0.6906 0.4073 0.7280 0.3890 0.7456 0.3798 0.7464 0.3706 0.7266 0.3678 0.7061 0.3600 0.6913 0.3508 0.6715 0.3473 0.6602 0.3445 0.6475 0.3466 0.6256 0.3544 0.5967 0.3579 0.5896 0.3614 0.5670 0.3643 0.5543 0.3755 0.5409 0.3777 0.5282 0.3777 0.4950 0.3812 0.4583 0.3840 0.4399 0.3939 0.4300 0.4073 0.4237 0.4165 0.4286 0.4257 0.4307 0.4349 0.4081 0.4469 0.4053 0.4560 0.4201 0.4709 0.4519 0.4822 0.4646 0.4815 0.4526 0.4963 0.4470 0.5238 0.4477 0.5210 0.4265 0.5245 0.4145 0.5450 0.4152 0.5535 0.4237 
6 0.5598 0.5289 0.5782 0.5359 0.6086 0.5331 0.6403 0.5324 0.6968 0.5296 0.7448 0.5310 0.7660 0.5317 0.7971 0.5239 0.8147 0.5169 0.8338 0.4978 0.8592 0.4907 0.8705 0.4816 0.8571 0.4780 0.8719 0.4724 0.8564 0.4583 0.8472 0.4526 0.8515 0.4307 0.8190 0.4286 0.8006 0.4279 0.7900 0.4307 0.7660 0.4300 0.7463 0.4279 0.7328 0.4145 0.7046 0.3813 0.6876 0.3672 0.6679 0.3559 0.6502 0.3495 0.6368 0.3481 0.6262 0.3467 0.6114 0.3326 0.6064 0.3312 0.5909 0.3326 0.5902 0.3396 0.5796 0.3403 0.5704 0.3636 0.5605 0.3749 0.5542 0.3425 0.5408 0.3460 0.5288 0.3425 0.5210 0.3474 0.5182 0.3580 0.5083 0.3714 0.5062 0.3834 0.5069 0.4011 0.5147 0.4258 0.5231 0.4371 0.5238 0.4173 0.5464 0.4166 0.5521 0.4237 0.5528 0.4060 0.5648 0.4088 0.5740 0.4215 0.5803 0.4343 0.5838 0.4561 0.5838 0.4802 0.5761 0.4978 0.5627 0.5211 
6 0.9027 0.9878 0.9105 0.9663 0.9153 0.9547 0.9222 0.9157 0.9387 0.9128 0.9378 0.8933 0.9465 0.8543 0.9631 0.8592 0.9563 0.8007 0.9699 0.7998 0.9806 0.7978 0.9976 0.7661 0.9976 0.9976 0.9021 0.9976 
6 0.8484 0.5425 0.8624 0.5636 0.8905 0.5726 0.9206 0.5746 0.9417 0.5786 0.9758 0.5926 0.9976 0.5919 0.9976 0.4726 0.9818 0.4623 0.9747 0.4783 0.9577 0.4693 0.9366 0.4593 0.9296 0.4773 0.9216 0.4733 0.8955 0.4703 0.8945 0.4984 0.8845 0.4984 0.8825 0.5164 0.8624 0.5194 0.8725 0.5485 
6 0.7963 0.2948 0.7993 0.2878 0.8163 0.2918 0.8283 0.3109 0.8364 0.3299 0.8614 0.3760 0.8424 0.3620 0.8233 0.3600 0.8033 0.3640 0.7852 0.3680 0.7792 0.3460 0.7692 0.3389 0.7632 0.2988 0.7612 0.2788 0.7712 0.2798 0.7772 0.2938 
6 0.8213 0.2898 0.8394 0.2798 0.8594 0.2687 0.8915 0.2597 0.9186 0.2387 0.9417 0.2276 0.9667 0.2116 0.9878 0.1975 0.9976 0.1909 0.9976 0.1265 0.9818 0.1173 0.9657 0.1264 0.9296 0.1294 0.9166 0.1404 0.8935 0.1354 0.8644 0.1454 0.8384 0.1645 0.8143 0.1875 0.8093 0.2056 0.8003 0.2417 0.7983 0.2718 0.8003 0.2798 0.8073 0.2878 
6 0.8023 0.2226 0.7912 0.0953 0.7852 0.0381 0.7732 0.0331 0.7561 0.0491 0.7411 0.0652 0.7269 0.1079 0.7190 0.1645 0.7441 0.2427 0.7541 0.2828 0.7652 0.2778 0.7752 0.2868 0.7942 0.2978 0.8003 0.2848 
6 0.2808 0.6679 0.2838 0.6287 0.2688 0.6137 0.2728 0.5977 0.2979 0.5977 0.3330 0.6388 0.3510 0.6739 0.3771 0.7501 0.3831 0.8203 0.3941 0.8835 0.4052 0.9246 0.4172 0.9356 0.4062 0.9356 0.3831 0.9326 0.3791 0.9476 0.3681 0.9737 0.3500 0.9567 0.3290 0.9296 0.3209 0.9366 0.3159 0.9486 0.3119 0.9537 0.2949 0.9326 0.2868 0.9196 0.2838 0.9176 0.2678 0.9597 0.2552 0.9663 0.2418 0.9697 0.2362 0.9440 0.2239 0.9262 0.2195 0.9128 0.2206 0.8905 0.2128 0.8771 0.2161 0.8113 0.2206 0.7901 0.2340 0.7600 0.2462 0.7321 0.2585 0.7121 0.2752 0.6808 
6 0.7421 0.9428 0.7667 0.9596 0.8062 0.9734 0.8348 0.9911 0.8401 0.9976 0.6611 0.9976 0.6635 0.9730 0.6587 0.9400 0.6684 0.9326 0.6954 0.9314 0.7235 0.9400 
6 0.5961 0.2864 0.5650 0.2786 0.5531 0.2734 0.5302 0.2366 0.5111 0.2018 0.4893 0.1686 0.4773 0.1551 0.4654 0.1370 0.4566 0.1276 0.4576 0.1064 0.4706 0.0877 0.4944 0.0742 0.5038 0.0757 0.5157 0.0887 0.5334 0.1121 0.5443 0.1256 0.5588 0.1510 0.5718 0.1681 0.5816 0.1800 0.6003 0.1946 0.6143 0.2070 0.6169 0.2148 0.6200 0.2335 0.6242 0.2459 0.6273 0.2599 0.6273 0.2688 0.6216 0.2755 
6 0.7485 0.2609 0.7445 0.2774 0.7348 0.2956 0.7291 0.3025 0.7166 0.3116 0.7126 0.3195 0.7018 0.3463 0.6904 0.3685 0.6784 0.3611 0.6659 0.3549 0.6528 0.3537 0.6357 0.3503 0.6311 0.3480 0.6288 0.3344 0.6214 0.3270 0.6192 0.3173 0.6192 0.3116 0.6260 0.3076 0.6328 0.3047 0.6391 0.2876 0.6414 0.2757 0.6419 0.2683 0.6476 0.2563 0.6550 0.2529 0.6693 0.2501 0.6750 0.2187 0.6807 0.2130 0.6915 0.2090 0.7023 0.1965 0.7103 0.1954 0.7217 0.1959 0.7354 0.2028 0.7445 0.2125 0.7473 0.2256 0.7462 0.2398 0.7456 0.2506 
6 0.3824 0.7961 0.3942 0.7826 0.4052 0.7649 0.4103 0.7539 0.4187 0.7472 0.4364 0.7556 0.4415 0.7750 0.4381 0.7953 0.4280 0.8147 0.4204 0.8298 0.4170 0.8450 0.4145 0.8627 0.4120 0.8914 0.4052 0.9108 0.3895 0.8569 
6 0.2232 0.9049 0.2261 0.9161 0.2354 0.9349 0.2430 0.9509 0.2214 0.9622 0.1979 0.9669 0.1800 0.9706 0.1669 0.9744 0.1518 0.9744 0.1424 0.9772 0.1171 0.9828 0.1161 0.9641 0.1095 0.9518 0.1189 0.9302 0.1293 0.8992 0.1490 0.9030 0.1763 0.9086 0.1941 0.9105 
