6 0.7675 0.8086 0.7695 0.8672 0.8158 0.9300 0.8343 0.9598 0.8520 0.9976 0.9976 0.9976 0.9976 0.9523 0.9762 0.9364 0.9693 0.9272 0.9521 0.9020 0.9464 0.8779 0.9303 0.8297 0.9301 0.8036 0.9371 0.7750 0.9284 0.7663 0.9058 0.7611 0.8885 0.7611 0.8807 0.7542 0.8451 0.7637 0.8329 0.7681 0.8069 0.7707 0.7930 0.7707 0.7731 0.7724 0.7670 0.7802 0.7609 0.8010 
6 0.0583 0.7827 0.0788 0.8439 0.1024 0.9224 0.1164 0.9773 0.1169 0.9976 0.0000 0.9976 0.0000 0.7279 0.0164 0.7289 0.0336 0.7386 0.0422 0.7547 0.0530 0.7665 
6 0.4431 0.5708 0.4520 0.5512 0.4582 0.5245 0.4743 0.5272 0.4787 0.5486 0.4939 0.5735 0.5108 0.5975 0.5152 0.6180 0.5090 0.6421 0.5268 0.6724 0.5473 0.7062 0.5571 0.7293 0.5571 0.7721 0.5402 0.7659 0.5330 0.7846 0.5161 0.7863 0.5028 0.7774 0.4849 0.7935 0.4716 0.7703 0.4573 0.7721 0.4538 0.7507 0.4440 0.7516 0.4413 0.7026 0.4315 0.6688 0.4253 0.6599 0.4217 0.6394 0.4217 0.6314 0.4146 0.6180 0.4093 0.6020 0.4137 0.5913 0.4226 0.5886 
6 0.4413 0.5646 0.4226 0.5610 0.3986 0.5495 0.3816 0.5361 0.3781 0.5290 0.3799 0.5245 0.3701 0.5121 0.3692 0.5023 0.3763 0.4925 0.3692 0.4568 0.3790 0.4560 0.3799 0.4515 0.3986 0.4640 0.4128 0.4604 0.4244 0.4524 0.4297 0.4390 0.4520 0.4292 0.4645 0.4177 0.4752 0.4096 0.4787 0.3811 0.4903 0.3785 0.4921 0.3607 0.5037 0.3464 0.5224 0.3277 0.5259 0.3393 0.5419 0.3651 0.5491 0.4034 0.5500 0.4239 0.5375 0.4666 0.5143 0.5156 0.5001 0.5325 0.5001 0.5459 0.4805 0.5512 0.4743 0.5299 0.4573 0.5263 0.4565 0.5423 0.4484 0.5584 
6 0.3558 0.7356 0.3665 0.7115 0.3754 0.6964 0.3816 0.6848 0.3941 0.6777 0.4235 0.6608 0.4217 0.6403 0.4191 0.6287 0.4110 0.6109 0.4093 0.5993 0.4199 0.5922 0.4333 0.5815 0.4431 0.5646 0.4360 0.5628 0.4146 0.5575 0.3941 0.5423 0.3808 0.5308 0.3808 0.5245 0.3656 0.5112 0.3638 0.5040 0.3772 0.4934 0.3754 0.4809 0.3567 0.4809 0.3576 0.4907 0.3442 0.4898 0.3416 0.4996 0.3487 0.5210 0.3451 0.5325 0.3460 0.5628 0.3229 0.5913 0.3024 0.6163 0.2935 0.6358 0.2837 0.6439 0.2677 0.6732 0.2721 0.6875 0.2694 0.6982 0.2748 0.7044 0.2730 0.7347 0.2855 0.7427 0.2864 0.7570 0.2908 0.7712 0.3077 0.7668 0.3140 0.7783 0.3282 0.7641 0.3442 0.7472 
6 0.7619 0.8095 0.7717 0.7828 0.7949 0.7641 0.8171 0.7267 0.8118 0.7249 0.8162 0.7000 0.8136 0.6919 0.8011 0.6928 0.7975 0.6875 0.7886 0.6715 0.7842 0.6679 0.7797 0.6367 0.7672 0.6091 0.7530 0.6118 0.7441 0.6020 0.7334 0.5806 0.7263 0.5949 0.7147 0.5806 0.7049 0.5762 0.6969 0.5780 0.6924 0.5833 0.6800 0.5878 0.6764 0.6029 0.6577 0.6020 0.6515 0.6198 0.6310 0.6207 0.6248 0.6332 0.6007 0.6403 0.5811 0.6421 0.5731 0.6519 0.5615 0.6688 0.5624 0.6813 0.5526 0.6973 0.5633 0.7383 0.5874 0.7623 0.6052 0.7623 0.6426 0.7961 0.6613 0.8104 0.6800 0.8362 0.7138 0.8603 0.7334 0.8478 
6 0.1237 0.0787 0.1412 0.0975 0.1566 0.1170 0.1775 0.1217 0.1896 0.1177 0.1943 0.1136 0.2131 0.1129 0.2219 0.1096 0.2266 0.0948 0.2266 0.0867 0.2266 0.0773 0.2124 0.0713 0.2030 0.0679 0.1956 0.0578 0.1882 0.0538 0.1761 0.0558 0.1640 0.0612 0.1526 0.0619 0.1466 0.0679 0.1385 0.0713 0.1291 0.0719 
6 0.1768 0.1217 0.1782 0.1338 0.1735 0.1439 0.1580 0.1459 0.1425 0.1540 0.1224 0.1842 0.1002 0.2205 0.0928 0.2279 0.0834 0.2279 0.0773 0.2212 0.0787 0.2104 0.0733 0.1983 0.0619 0.1889 0.0477 0.1916 0.0417 0.1829 0.0350 0.1728 0.0282 0.1694 0.0222 0.1647 0.0255 0.1519 0.0276 0.1459 0.0249 0.1392 0.0269 0.1264 0.0430 0.1197 0.0376 0.1076 0.0471 0.1008 0.0598 0.0968 0.0733 0.0921 0.0834 0.0941 0.0928 0.0955 0.1042 0.0901 0.1143 0.0861 0.1318 0.0908 0.1405 0.0968 0.1506 0.1076 0.1580 0.1170 0.1687 0.1190 
6 0.0242 0.0760 0.0491 0.0827 0.0652 0.0854 0.0760 0.0921 0.0867 0.0961 0.0988 0.0955 0.1089 0.0914 0.1203 0.0908 0.1304 0.0901 0.1244 0.0820 0.1230 0.0692 0.1069 0.0558 0.0834 0.0417 0.0497 0.0222 0.0383 0.0188 0.0215 0.0155 0.0000 0.0215 0.0052 0.0324 0.0000 0.0310 0.0000 0.0597 
6 0.5715 0.2027 0.5727 0.1793 0.5784 0.1542 0.5989 0.1393 0.6166 0.1342 0.6361 0.1427 0.6538 0.1627 0.6777 0.1856 0.6926 0.1958 0.7069 0.2135 0.7080 0.2261 0.7029 0.2364 0.6829 0.2586 0.6669 0.2672 0.6401 0.2712 0.6275 0.2798 0.6144 0.2849 0.6052 0.2855 0.5967 0.2861 0.5870 0.2889 0.5704 0.2861 0.5693 0.2786 0.5687 0.2609 0.5613 0.2581 0.5418 0.2775 0.5190 0.3060 0.5133 0.3038 0.5299 0.2581 0.5373 0.2335 0.5555 0.2153 
6 0.5630 0.1970 0.5618 0.1673 0.5436 0.1170 0.5333 0.0919 0.5287 0.0811 0.5213 0.0765 0.5099 0.0714 0.4985 0.0628 0.4808 0.0365 0.4739 0.0348 0.4511 0.0240 0.4225 0.0040 0.4145 0.0200 0.3980 0.0263 0.3980 0.0308 0.3814 0.0354 0.3688 0.0462 0.3677 0.0588 0.3648 0.0685 0.3614 0.0748 0.3740 0.0982 0.3768 0.1062 0.3740 0.1125 0.3831 0.1233 0.4020 0.1262 0.4162 0.1313 0.4328 0.1376 0.4299 0.1405 0.4442 0.1450 0.4573 0.1656 0.4699 0.1764 0.4802 0.1861 0.5013 0.2027 0.5167 0.2130 0.5253 0.2238 0.5344 0.2347 0.5441 0.2255 0.5584 0.2107 
6 0.9198 0.2375 0.9198 0.2175 0.9221 0.1924 0.9347 0.1513 0.9267 0.1490 0.9261 0.1359 0.9204 0.1222 0.9147 0.1273 0.9130 0.1142 0.9004 0.1079 0.8901 0.1056 0.8856 0.1028 0.8753 0.0908 0.8702 0.0988 0.8667 0.0896 0.8604 0.0959 0.8519 0.0988 0.8410 0.1091 0.8462 0.1336 0.8353 0.1445 0.8262 0.1542 0.7982 0.1547 0.8011 0.1616 0.7936 0.1650 0.7994 0.1776 0.7942 0.1844 0.8011 0.1976 0.7982 0.2038 0.8039 0.2147 0.8062 0.2198 0.8068 0.2278 0.8171 0.2370 0.8171 0.2449 0.8365 0.2524 0.8376 0.2621 0.8610 0.2604 0.8759 0.2724 0.8787 0.2803 0.8879 0.2838 0.8998 0.2838 0.9101 0.2758 0.9147 0.2626 
